1004
1006
1026
1039
1048
1052
1060
1097
1100
1104
1123
1129
1130
1159
1175
1176
1182
1195
1199
1200
1208
1227
1235
1235
1238
1239
1260
1265
1267
1270
1288
1291
1293
1299
1307
1334
1341
1346
1354
1367
1375
1387
1395
1412
1412
1414
1415
1420
1457
1464
1481
1482
1492
1492
1498
1502
1515
1544
1553
1576
1589
1595
1599
1600
1604
1605
1619
1624
1635
1644
1644
1648
1650
1651
1660
1667
1684
1685
1690
1694
1717
1717
1725
1748
1752
1754
1755
1756
1768
1771
1789
1800
1809
1812
1818
1829
1832
1839
1843
1853
1873
1873
1878
1892
1895
1896
1913
1914
1945
1948
1952
1952
1969
1976
1982
1985
2008
2016
2020
2026
2028
2034
2037
2053
2057
2082
2084
2091
2093
2102
2103
2113
2115
2127
2128
2138
2146
2154
2164
2175
2175
2181
2191
2200
2201
2212
2214
2219
2228
2234
2241
2253
2258
2272
2276
2325
2331
2347
2351
2365
2380
2392
2408
2414
2416
2416
2416
2426
2436
2454
2484
2486
2488
2504
2505
2517
2518
2518
2529
2530
2543
2544
2545
2578
2587
2613
2634
2638
2644
2645
2646
2679
2682
2693
2708
2719
2730
2753
2771
2782
2783
2805
2805
2823
2827
2830
2851
2857
2858
2862
2881
2901
2902
2904
2914
2921
2925
2933
2945
2997
3016
3022
3025
3034
3043
3043
3047
3048
3050
3060
3096
3137
3142
3181
3210
3228
3228
3229
3238
3246
3246
3257
3268
3270
3274
3287
3292
3294
3299
3303
3305
3310
3313
3324
3337
3344
3344
3345
3347
3349
3356
3366
3374
3387
3403
3404
3407
3407
3410
3416
3424
3424
3428
3431
3437
3456
3457
3467
3517
3521
3536
3544
3551
3551
3575
3576
3578
3589
3594
3615
3628
3628
3630
3637
3657
3666
3678
3687
3693
3695
3701
3724
3748
3750
3768
3777
3780
3786
3793
3795
3827
3856
3859
3867
3872
3874
3886
3893
3896
3898
3911
3917
3926
3946
3958
3980
4006
4033
4035
4043
4050
4055
4108
4136
4145
4152
4163
4168
4181
4196
4197
4210
4227
4239
4252
4265
4266
4271
4273
4277
4282
4283
4295
4305
4320
4323
4331
4337
4346
4350
4362
4367
4371
4408
4414
4418
4423
4423
4432
4437
4440
4442
4458
4462
4472
4474
4490
4516
4530
4552
4560
4562
4568
4577
4581
4583
4584
4588
4604
4611
4621
4650
4661
4673
4686
4687
4704
4710
4711
4721
4726
4733
4736
4749
4756
4782
4786
4799
4824
4824
4827
4833
4834
4838
4856
4863
4865
4873
4883
4904
4907
4911
4920
4924
4925
4945
4969
4971
4981
5020
5046
5047
5055
5081
5082
5086
5096
5109
5115
5121
5123
5126
5127
5147
5152
5153
5159
5161
5161
5166
5190
5210
5216
5225
5239
5247
5258
5269
5271
5272
5276
5282
5292
5297
5299
5305
5329
5345
5353
5353
5359
5363
5367
5374
5376
5379
5382
5385
5385
5400
5405
5437
5445
5452
5466
5472
5478
5485
5492
5494
5517
5525
5556
5564
5565
5581
5582
5598
5609
5616
5619
5624
5654
5655
5663
5664
5675
5678
5684
5688
5696
5713
5741
5746
5746
5750
5755
5760
5768
5789
5793
5798
5802
5804
5811
5813
5815
5836
5841
5848
5868
5879
5885
5894
5894
5897
5906
5913
5913
5926
5936
5938
5941
5943
5956
5966
5970
5977
6014
6021
6028
6031
6037
6064
6070
6073
6079
6096
6096
6107
6115
6119
6125
6127
6131
6147
6160
6175
6195
6239
6261
6269
6270
6271
6281
6283
6296
6301
6301
6312
6329
6334
6346
6352
6365
6373
6374
6379
6380
6387
6398
6405
6434
6435
6458
6458
6478
6484
6508
6513
6513
6528
6546
6560
6568
6575
6588
6589
6590
6605
6624
6649
6662
6669
6670
6674
6699
6708
6716
6722
6741
6745
6747
6748
6752
6757
6762
6768
6769
6776
6793
6816
6823
6839
6843
6845
6851
6859
6866
6882
6884
6887
6890
6914
6915
6923
6924
6927
6929
6931
6950
6962
6966
6966
6969
6969
6978
6986
7007
7013
7038
7050
7059
7080
7083
7095
7097
7099
7102
7109
7111
7115
7118
7120
7132
7157
7157
7174
7177
7192
7232
7236
7240
7246
7246
7247
7273
7298
7327
7333
7336
7342
7344
7346
7375
7378
7388
7390
7403
7419
7424
7429
7429
7432
7448
7469
7473
7489
7490
7509
7510
7513
7515
7520
7525
7534
7550
7557
7563
7566
7569
7572
7577
7583
7588
7602
7627
7684
7694
7698
7698
7712
7713
7723
7729
7744
7746
7749
7759
7776
7779
7783
7788
7795
7799
7824
7826
7827
7832
7842
7851
7861
7879
7880
7880
7885
7889
7896
7900
7912
7912
7913
7931
7957
7958
7962
7965
7987
7989
7990
7997
8003
8021
8023
8031
8041
8046
8050
8051
8078
8092
8095
8110
8113
8125
8133
8134
8148
8151
8157
8167
8175
8189
8204
8206
8215
8241
8254
8257
8268
8277
8292
8301
8302
8316
8320
8323
8342
8353
8355
8361
8366
8369
8378
8385
8385
8389
8393
8403
8408
8430
8434
8435
8438
8439
8456
8468
8468
8468
8476
8506
8531
8532
8564
8566
8571
8582
8587
8591
8596
8598
8604
8612
8614
8627
8632
8637
8637
8641
8642
8644
8646
8650
8668
8670
8671
8686
8688
8691
8697
8718
8721
8745
8771
8772
8784
8790
8790
8795
8798
8803
8805
8811
8817
8818
8840
8877
8896
8899
8923
8942
8954
8959
8961
8977
8981
8993
8994
8994
9004
9009
9010
9014
9034
9056
9064
9066
9075
9078
9084
9092
9102
9115
9123
9125
9126
9128
9133
9150
9170
9172
9186
9191
9193
9214
9214
9215
9217
9228
9229
9233
9237
9262
9263
9264
9268
9288
9290
9329
9332
9341
9347
9381
9382
9405
9405
9418
9421
9432
9433
9448
9461
9469
9479
9488
9489
9493
9509
9519
9525
9541
9548
9556
9579
9594
9626
9635
9636
9642
9647
9658
9663
9665
9669
9671
9679
9686
9687
9696
9697
9697
9702
9704
9707
9717
9720
9721
9729
9742
9754
9789
9797
9825
9842
9873
9892
9900
9901
9907
9913
9916
9917
9958
9960
9966
9968
9971
9976
9986
9995
