101
103
104
106
107
109
116
116
117
124
124
125
128
130
130
137
138
140
143
151
155
156
156
161
165
165
166
167
168
169
171
172
173
174
174
175
177
178
180
183
183
188
188
196
198
198
199
200
200
204
204
206
208
208
212
215
215
215
217
218
219
220
222
223
226
227
231
232
233
234
234
238
239
239
243
249
249
249
251
257
257
258
258
259
262
263
266
270
271
274
276
286
288
289
295
297
297
298
301
302
302
304
304
305
306
306
307
310
310
311
312
312
313
317
318
324
324
327
327
332
334
334
334
336
337
342
342
343
343
343
348
348
353
354
355
357
360
360
361
362
363
363
367
368
369
370
370
376
378
380
382
382
382
386
386
388
388
389
392
393
393
396
396
400
401
404
404
404
404
408
409
414
419
419
420
423
425
427
429
430
430
431
431
434
436
438
439
441
442
442
448
449
452
454
456
458
460
461
462
463
466
468
475
476
478
478
479
482
485
489
489
497
498
498
499
500
500
503
505
506
506
507
507
513
517
517
518
518
519
520
521
523
523
524
526
527
530
530
536
539
539
539
542
544
544
546
551
551
553
559
561
563
563
564
570
570
571
572
576
578
585
585
591
593
595
596
597
598
600
601
601
603
606
607
609
610
611
612
613
613
616
616
617
618
618
620
620
621
622
622
623
623
629
631
631
633
634
636
641
642
642
643
647
647
648
649
651
657
658
660
660
661
662
668
669
670
670
674
676
678
678
680
682
688
689
689
690
691
694
698
698
698
699
700
701
704
704
705
706
708
708
709
710
714
717
721
724
726
726
739
739
740
740
742
748
756
757
759
760
760
761
762
763
764
765
766
766
766
769
776
777
782
782
782
783
784
785
786
786
787
788
788
789
791
792
795
796
797
803
803
803
803
804
807
810
810
811
811
811
812
816
817
817
818
818
819
821
821
824
824
825
826
826
827
827
829
832
832
835
835
838
841
842
843
844
844
845
845
846
852
855
856
860
862
862
864
864
867
870
871
876
876
876
877
878
885
889
891
893
894
896
897
899
900
902
903
905
906
907
912
915
920
927
930
932
935
935
939
943
945
949
952
952
953
958
959
959
962
966
969
970
970
974
975
975
977
980
980
981
982
982
984
985
985
988
995
995
995
996
999
